physics
00010101010101010101000000000000
00010101010101010101000000000000
00010101010101010101000000000000
01010101010101010101000000000000
00000000000000000000000000000000
00000000000000000000000000000000
00000000000000000000000000000000
00000000000000000000000000000000
00000000000000000000000000000000
00000000000000000000000000000000
00000000000000000000000000000000
00000000000000000000000000000000
00000000000000000000000000000000
00000000000000000000000000000000
00000000000000000000000000000000
00000000000000000000000000000000

family
00010101010101010101030303000000
00010101010101010101000000000000
00010101010101010101000000000000
02020202020201010101000000000000
04040405050506060600000000000000
04040405050506060600000000000000
00000000000000000000000000000000
04040505060600000000000000000000
04040505060600000000000000000000
04040505060600000000000000000000
00000000000000000000000000000000
00000000000000000000000000000000
00000000000000000000000000000000
00000000000000000000000000000000
00000000000000000000000000000000
00000000000000000000000000000000

neighbors
000b1f16fefb00081810081810000000
006bffd6df7f020a1a12000000000000
0068f8d00000424a5a52000000000000
08101818181840485850000000000000
0b1f160b1f160b1f1600000000000000
68f8d068f8d068f8d000000000000000
00000000000000000000000000000000
00000000000000000000000000000000
00000000000000000000000000000000
00000000000000000000000000000000
00000000000000000000000000000000
00000000000000000000000000000000
00000000000000000000000000000000
00000000000000000000000000000000
00000000000000000000000000000000
00000000000000000000000000000000

weight
00000000000000000000000000000000
00000000000000000000000000000000
00000000000000000000000000000000
00000000000000000000000000000000
00000000000000000000000000000000
00000000000000000000000000000000
00000000000000000000000000000000
ffffffffffff00000000000000000000
ffffffffffff00000000000000000000
ffffffffffff00000000000000000000
00000000000000000000000000000000
00000000000000000000000000000000
00000000000000000000000000000000
00000000000000000000000000000000
00000000000000000000000000000000
00000000000000000000000000000000

