1 0 0 8 12
2 8 0 8 12
3 16 0 8 12
4 24 0 8 12
5 32 0 8 12
6 40 0 8 12
7 48 0 8 12
8 56 0 8 12
9 64 0 8 12
10 72 0 8 12
11 80 0 8 12
12 88 0 8 12
13 96 0 8 12
14 104 0 8 12
15 112 0 8 12
16 120 0 8 12
17 0 12 8 12
18 8 12 8 12
19 16 12 8 12
20 24 12 8 12
21 32 12 8 12
22 40 12 8 12
23 48 12 8 12
24 56 12 8 12
25 64 12 8 12
26 72 12 8 12
27 80 12 8 12
28 88 12 8 12
29 96 12 8 12
30 104 12 8 12
31 112 12 8 12
32 120 12 8 12
33 0 24 8 12
34 8 24 8 12
35 16 24 8 12
36 24 24 8 12
37 32 24 8 12
38 40 24 8 12
39 48 24 8 12
40 56 24 8 12
41 64 24 8 12
42 72 24 8 12
43 80 24 8 12
44 88 24 8 12
45 96 24 8 12
46 104 24 8 12
47 112 24 8 12
48 120 24 8 12
49 0 36 8 12
50 8 36 8 12
51 16 36 8 12
52 24 36 8 12
53 32 36 8 12
54 40 36 8 12
55 48 36 8 12
56 56 36 8 12
57 64 36 8 12
58 72 36 8 12
59 80 36 8 12
60 88 36 8 12
61 96 36 8 12
62 104 36 8 12
63 112 36 8 12
64 120 36 8 12
65 0 48 8 12
66 8 48 8 12
67 16 48 8 12
68 24 48 8 12
69 32 48 8 12
70 40 48 8 12
71 48 48 8 12
72 56 48 8 12
73 64 48 8 12
74 72 48 8 12
75 80 48 8 12
76 88 48 8 12
77 96 48 8 12
78 104 48 8 12
79 112 48 8 12
80 120 48 8 12
81 0 60 8 12
82 8 60 8 12
83 16 60 8 12
84 24 60 8 12
85 32 60 8 12
86 40 60 8 12
87 48 60 8 12
88 56 60 8 12
89 64 60 8 12
90 72 60 8 12
91 80 60 8 12
92 88 60 8 12
93 96 60 8 12
94 104 60 8 12
95 112 60 8 12
96 120 60 8 12