1 37 1 17 27
2 55 1 17 27
3 73 1 17 27
4 91 1 17 27
5 109 1 17 27
6 127 1 17 27
7 145 1 17 27
8 163 1 17 27
9 1 1 17 27
10 19 1 17 27
11 1 29 19 27
12 181 1 17 27
13 199 1 17 27
14 20 29 14 6
ghost_wrong 1 57 24 29
16 26 57 24 29
17 51 57 24 29
18 76 57 24 29
19 101 57 24 29
20 126 57 24 29
21 1 87 16 28
22 18 87 16 28
23 35 87 16 28
24 52 87 16 28
25 69 87 16 28
26 86 87 16 28
27 1 122 22 31
28 24 122 22 31
29 47 122 22 31
30 70 122 22 31
31 93 122 22 31
32 1 154 21 30
33 23 154 21 30
34 45 154 21 30
35 67 154 21 30
36 89 154 21 30
37 1 185 22 32
38 24 185 22 32
39 47 185 22 32
40 70 185 22 32
41 93 185 22 32
42 116 185 22 32
43 217 1 17 27
44 235 1 17 27
ghost_query 151 57 24 29
princess_query 103 87 16 28
pumpkin_query 116 122 22 31
lightbear_dig1 120 87 11 18
lightbear_dig2 132 87 11 18
lightbear_eat1 144 87 11 18
lightbear_eat2 156 87 11 18
